1111111111111101
0000000000010010
1111111111111101
0000000000010011
0000000000000011
0000000000000001
0000000000010101
1111111111110111
0000000000010011
0000000000000100
1111111111111001
0000000000011101
1111111111101010
0000000000010000
0000000000000101
1111111111100010
0000000000100100
1111111111010011
0000000000000000
0000000000000100
1111111110110101
0000000000100101
1111111110101110
1111111111011010
0000000000000000
1111111101101010
0000000000011000
1111111101111101
1111111110001111
1111111111111100
1111111011111111
1111111111111000
1111111101000101
1111111100011000
1111111111110111
1111111001110110
1111111110111001
1111111100010011
1111111001101111
1111111111111001
1111110111010111
1111111101011001
1111111011111010
1111110110001111
0000000000001101
1111110100110000
1111111011010001
1111111100011011
1111110001101100
0000000001010000
1111110010010011
1111111000001111
1111111110110100
1111101011011001
0000000011110101
1111110000010010
1111110011001100
0000000101111100
1111011111111001
0000001011010001
1111101110111101
1111100100110010
0000100110101010
1110100110101111
0001011011100111
0110000111111110
0001011011100111
1110100110101111
0000100110101010
1111100100110010
1111101110111101
0000001011010001
1111011111111001
0000000101111100
1111110011001100
1111110000010010
0000000011110101
1111101011011001
1111111110110100
1111111000001111
1111110010010011
0000000001010000
1111110001101100
1111111100011011
1111111011010001
1111110100110000
0000000000001101
1111110110001111
1111111011111010
1111111101011001
1111110111010111
1111111111111001
1111111001101111
1111111100010011
1111111110111001
1111111001110110
1111111111110111
1111111100011000
1111111101000101
1111111111111000
1111111011111111
1111111111111100
1111111110001111
1111111101111101
0000000000011000
1111111101101010
0000000000000000
1111111111011010
1111111110101110
0000000000100101
1111111110110101
0000000000000100
0000000000000000
1111111111010011
0000000000100100
1111111111100010
0000000000000101
0000000000010000
1111111111101010
0000000000011101
1111111111111001
0000000000000100
0000000000010011
1111111111110111
0000000000010101
0000000000000001
0000000000000011
0000000000010011
